REMARK 350   BIOMT1   1  1.000000  0.000000  0.000000        0.00000
REMARK 350   BIOMT2   1  0.000000  1.000000  0.000000        0.00000
REMARK 350   BIOMT3   1  0.000000  0.000000  1.000000        0.00000
REMARK 350   BIOMT1   2  0.000000  1.000000 -0.000000       -0.00020
REMARK 350   BIOMT2   2 -1.000000  0.000000  0.000000      294.79980
REMARK 350   BIOMT3   2  0.000000 -0.000000  1.000000        0.00000
REMARK 350   BIOMT1   3 -1.000000  0.000000  0.000000      294.79960
REMARK 350   BIOMT2   3 -0.000000 -1.000000  0.000000      294.80040
REMARK 350   BIOMT3   3  0.000000  0.000000  1.000000        0.00000
REMARK 350   BIOMT1   4 -0.000000 -1.000000  0.000000      294.80060
REMARK 350   BIOMT2   4  1.000000 -0.000000  0.000000        0.00060
REMARK 350   BIOMT3   4  0.000000  0.000000  1.000000        0.00000
